
                                                  *****************************
                                                  *  TOTAL    RUN    SUMMARY  *
                                                  *****************************

     TIME STEP              PRODUCTION                   INJECTION     PV WT AQUIFER INFLUX      CUM PRODUCTION       CUM INJECTION
    ---------- ------------------------------------- ----------------   AVG  -------------- ------------------------ ---------------
                  OIL     GAS     WATER    GOR   WATER   GAS   WATER    RES   RATE    CUM     OIL     GAS    WATER    GAS    WATER
                                         SCF/  /OIL                    PRES
     NO.  DAYS   STB/D  MSCF/D   STB/D   STB   RATIO  MSCF/D   STB/D   PSIA  MSTB/D  MMSTB    MSTB   MMSCF   MSTB    MMSCF   MSTB
    ---- ----- -------- ------- ------- ------ ----- -------- ------- ------ ------ ------- ------- ------- ------- ------- -------
      1     0.   14783.  10826.     6.1   732.   0.0       0.      0.  5614.    0.0      0.      1.      1.      0.      0.      0.
      2     0.   14442.  10576.     6.0   732.   0.0       0.      0.  5614.    0.0      0.      3.      2.      0.      0.      0.
      3     0.   14118.  10339.     5.8   732.   0.0       0.      0.  5614.    0.0      0.      4.      3.      0.      0.      0.
      4     0.   13811.  10114.     5.7   732.   0.0       0.      0.  5614.    0.0      0.      6.      4.      0.      0.      0.
      5     1.   13486.   9877.     5.6   732.   0.0       0.      0.  5614.    0.0      0.      7.      5.      0.      0.      0.
      6     1.   13224.   9685.     5.4   732.   0.0       0.      0.  5614.    0.0      0.      8.      6.      0.      0.      0.
      7     1.   12975.   9502.     5.3   732.   0.0       0.      0.  5614.    0.0      0.     10.      7.      0.      0.      0.
      8     1.   12737.   9328.     5.2   732.   0.0       0.      0.  5614.    0.0      0.     11.      8.      0.      0.      0.
      9     1.   12407.   9086.     5.0   732.   0.0       0.      0.  5614.    0.0      0.     13.      9.      0.      0.      0.
     10     1.   12338.   9036.     5.0   732.   0.0       0.      0.  5614.    0.0      0.     13.     10.      0.      0.      0.
     11     1.   12102.   8863.     4.9   732.   0.0       0.      0.  5614.    0.0      0.     15.     11.      0.      0.      0.
     12     1.   11790.   8635.     4.8   732.   0.0       0.      0.  5614.    0.0      0.     16.     12.      0.      0.      0.
     13     1.   11379.   8334.     4.6   732.   0.0       0.      0.  5614.    0.0      0.     19.     14.      0.      0.      0.
     14     2.   11232.   8226.     4.5   732.   0.0       0.      0.  5614.    0.0      0.     20.     15.      0.      0.      0.
     15     2.   11029.   8077.     4.4   732.   0.0       0.      0.  5614.    0.0      0.     22.     16.      0.      0.      0.
     16     2.   10708.   7842.     4.3   732.   0.0       0.      0.  5614.    0.0      0.     24.     18.      0.      0.      0.
     17     2.   10314.   7553.     4.1   732.   0.0       0.      0.  5614.    0.0      0.     28.     20.      0.      0.      0.
     18     2.   10219.   7484.     4.1   732.   0.0       0.      0.  5614.    0.0      0.     29.     21.      0.      0.      0.
     19     3.   10049.   7359.     4.0   732.   0.0       0.      0.  5614.    0.0      0.     31.     23.      0.      0.      0.
     20     3.    9802.   7174.     3.9   732.   0.0       0.      0.  5614.    0.0      0.     34.     25.      0.      0.      0.
     21     3.    9500.   6944.     3.8   731.   0.0       0.      0.  5614.    0.0      0.     38.     28.      0.      0.      0.
     22     4.    9165.   6694.     3.7   730.   0.0       0.      0.  5614.    0.0      0.     44.     32.      0.      0.      0.
     23     5.    8827.   6445.     3.6   730.   0.0       0.      0.  5614.    0.0      0.     52.     38.      0.      0.      0.
     24     6.    8513.   6218.     3.5   730.   0.0       0.      0.  5613.    0.0      0.     64.     47.      0.      0.      0.
     25     9.    8245.   6030.     3.4   731.   0.0       0.      0.  5613.    0.0      0.     82.     60.      0.      0.      0.
     26    12.    7919.   5807.     3.4   733.   0.0       0.      0.  5613.    0.0      0.    108.     79.      0.      0.      0.
     27    15.    7482.   5541.     3.4   741.   0.0       0.      0.  5612.    0.0      0.    132.     97.      0.      0.      0.
     28    16.    7232.   5421.     3.4   750.   0.0       0.      0.  5612.    0.0      0.    141.    103.      0.      0.      0.
     29    18.    7164.   5392.     3.4   753.   0.0       0.      0.  5612.    0.0      0.    154.    113.      0.      0.      0.
     30    21.    7036.   5329.     3.4   757.   0.0       0.      0.  5611.    0.0      0.    173.    128.      0.      0.      0.
     31    25.    6863.   5254.     3.4   766.   0.0       0.      0.  5611.    0.0      0.    201.    149.      0.      0.      0.
     32    26.    6665.   5179.     3.4   777.   0.0       0.      0.  5611.    0.0      0.    211.    157.      0.      0.      0.
     33    29.    6608.   5154.     3.4   780.   0.0       0.      0.  5610.    0.0      0.    227.    169.      0.      0.      0.
     34    32.    6505.   5108.     3.4   785.   0.0       0.      0.  5610.    0.0      0.    249.    187.      0.      0.      0.
     35    37.    6359.   5042.     3.3   793.   0.0       0.      0.  5609.    0.0      0.    282.    213.      0.      0.      0.
     36    39.    6215.   5003.     3.3   805.   0.0       0.      0.  5609.    0.0      0.    294.    223.      0.      0.      0.
     37    42.    6170.   4982.     3.3   807.   0.0       0.      0.  5609.    0.0      0.    312.    237.      0.      0.      0.
     38    47.    6084.   4943.     3.3   812.   0.0       0.      0.  5608.    0.0      0.    339.    259.      0.      0.      0.
     39    53.    5964.   4885.     3.3   819.   0.0       0.      0.  5607.    0.0      0.    378.    291.      0.      0.      0.
     40    56.    5878.   4856.     3.3   826.   0.0       0.      0.  5607.    0.0      0.    392.    303.      0.      0.      0.
     41    59.    5840.   4835.     3.3   828.   0.0       0.      0.  5606.    0.0      0.    414.    321.      0.      0.      0.
     42    65.    5766.   4795.     3.2   832.   0.0       0.      0.  5606.    0.0      0.    446.    347.      0.      0.      0.
     43    73.    5662.   4734.     3.2   836.   0.0       0.      0.  5605.    0.0      0.    493.    386.      0.      0.      0.
     44    86.    5524.   4643.     3.1   840.   0.0       0.      0.  5603.    0.0      0.    561.    444.      0.      0.      0.
     45   101.    5380.   4540.     3.1   844.   0.0       0.      0.  5602.    0.0      0.    642.    512.      0.      0.      0.
     46   116.    5258.   4442.     3.0   845.   0.0       0.      0.  5600.    0.0      0.    721.    579.      0.      0.      0.
     47   131.    5146.   4347.     2.9   845.   0.0       0.      0.  5599.    0.0      0.    798.    644.      0.      0.      0.
     48   146.    5039.   4256.     2.9   845.   0.0       0.      0.  5597.    0.0      0.    874.    708.      0.      0.      0.
     49   161.    4935.   4168.     2.8   845.   0.0       0.      0.  5595.    0.0      0.    948.    770.      1.      0.      0.
     50   176.    4833.   4083.     2.8   845.   0.0       0.      0.  5594.    0.0      0.   1020.    832.      1.      0.      0.
     51   180.    4815.   4066.     2.8   844.   0.0       0.      0.  5594.    0.0      0.   1042.    850.      1.      0.      0.
     52   187.    4767.   4026.     2.7   845.   0.0       0.      0.  5593.    0.0      0.   1074.    877.      1.      0.      0.
     53   197.    4698.   3969.     2.7   845.   0.0       0.      0.  5592.    0.0      0.   1121.    916.      1.      0.      0.
     54   212.    4597.   3887.     2.6   846.   0.0       0.      0.  5590.    0.0      0.   1190.    975.      1.      0.      0.
     55   227.    4503.   3811.     2.6   846.   0.0       0.      0.  5589.    0.0      0.   1257.   1032.      1.      0.      0.
     56   242.    4414.   3737.     2.5   847.   0.0       0.      0.  5588.    0.0      0.   1323.   1088.      1.      0.      0.
     57   257.    4327.   3665.     2.5   847.   0.0       0.      0.  5586.    0.0      0.   1388.   1143.      1.      0.      0.
     58   272.    4243.   3596.     2.4   847.   0.0       0.      0.  5585.    0.0      0.   1452.   1197.      1.      0.      0.
     59   287.    4160.   3528.     2.4   848.   0.0       0.      0.  5584.    0.0      0.   1514.   1250.      1.      0.      0.
     60   302.    4081.   3461.     2.4   848.   0.0       0.      0.  5583.    0.0      0.   1576.   1302.      1.      0.      0.
     61   317.    4004.   3397.     2.3   848.   0.0       0.      0.  5581.    0.0      0.   1636.   1353.      1.      0.      0.
     62   332.    3929.   3334.     2.3   848.   0.0       0.      0.  5580.    0.0      0.   1695.   1403.      1.      0.      0.
     63   347.    3857.   3272.     2.2   848.   0.0       0.      0.  5579.    0.0      0.   1752.   1452.      1.      0.      0.
     64   362.    3788.   3213.     2.2   848.   0.0       0.      0.  5578.    0.0      0.   1809.   1500.      1.      0.      0.
     65   365.    3780.   3203.     2.2   847.   0.0       0.      0.  5578.    0.0      0.   1822.   1511.      1.      0.      0.
     66   370.    3756.   3183.     2.2   847.   0.0       0.      0.  5577.    0.0      0.   1840.   1526.      1.      0.      0.
     67   377.    3721.   3154.     2.2   847.   0.0       0.      0.  5577.    0.0      0.   1868.   1550.      1.      0.      0.
     68   388.    3671.   3111.     2.1   847.   0.0       0.      0.  5576.    0.0      0.   1909.   1584.      1.      0.      0.
     69   403.    3605.   3055.     2.1   847.   0.0       0.      0.  5575.    0.0      0.   1963.   1630.      1.      0.      0.
     70   418.    3543.   3002.     2.1   847.   0.0       0.      0.  5574.    0.0      0.   2016.   1675.      1.      0.      0.
     71   433.    3484.   2950.     2.0   847.   0.0       0.      0.  5573.    0.0      0.   2068.   1719.      1.      0.      0.
     72   448.    3425.   2899.     2.0   846.   0.0       0.      0.  5572.    0.0      0.   2120.   1763.      1.      0.      0.
     73   463.    3369.   2850.     2.0   846.   0.0       0.      0.  5571.    0.0      0.   2170.   1806.      1.      0.      0.
     74   478.    3314.   2802.     1.9   846.   0.0       0.      0.  5570.    0.0      0.   2220.   1848.      1.      0.      0.
     75   493.    3260.   2755.     1.9   845.   0.0       0.      0.  5569.    0.0      0.   2269.   1889.      1.      0.      0.
     76   508.    3207.   2709.     1.9   845.   0.0       0.      0.  5568.    0.0      0.   2317.   1930.      1.      0.      0.
     77   523.    3157.   2665.     1.9   844.   0.0       0.      0.  5567.    0.0      0.   2364.   1969.      1.      0.      0.
     78   538.    3108.   2622.     1.8   844.   0.0       0.      0.  5566.    0.0      0.   2411.   2009.      1.      0.      0.
     79   553.    3060.   2580.     1.8   843.   0.0       0.      0.  5565.    0.0      0.   2457.   2048.      1.      0.      0.
     80   568.    3013.   2539.     1.8   842.   0.0       0.      0.  5564.    0.0      0.   2502.   2086.      1.      0.      0.
     81   583.    2968.   2499.     1.7   842.   0.0       0.      0.  5563.    0.0      0.   2546.   2123.      1.      0.      0.
     82   598.    2924.   2460.     1.7   841.   0.0       0.      0.  5562.    0.0      0.   2590.   2160.      1.      0.      0.
     83   613.    2881.   2422.     1.7   841.   0.0       0.      0.  5562.    0.0      0.   2633.   2196.      1.      0.      0.
     84   628.    2840.   2386.     1.7   840.   0.0       0.      0.  5561.    0.0      0.   2676.   2232.      2.      0.      0.
     85   643.    2799.   2350.     1.7   840.   0.0       0.      0.  5560.    0.0      0.   2718.   2267.      2.      0.      0.
     86   658.    2760.   2316.     1.6   839.   0.0       0.      0.  5559.    0.0      0.   2759.   2302.      2.      0.      0.
     87   673.    2722.   2281.     1.6   838.   0.0       0.      0.  5559.    0.0      0.   2800.   2336.      2.      0.      0.
     88   688.    2544.   2163.     1.6   850.   0.0       0.      0.  5558.    0.0      0.   2838.   2369.      2.      0.      0.
     89   703.    2442.   2102.     1.6   861.   0.0       0.      0.  5557.    0.0      0.   2875.   2400.      2.      0.      0.
     90   718.    2363.   2053.     1.6   869.   0.0       0.      0.  5556.    0.0      0.   2910.   2431.      2.      0.      0.
     91   730.    2312.   2026.     1.6   877.   0.0       0.      0.  5556.    0.0      0.   2937.   2454.      2.      0.      0.
     92   745.    2530.   2120.     1.5   838.   0.0       0.      0.  5555.    0.0      0.   2975.   2486.      2.      0.      0.
     93   760.    2343.   2000.     1.5   854.   0.0       0.      0.  5555.    0.0      0.   3010.   2516.      2.      0.      0.
     94   775.    2270.   1959.     1.5   863.   0.0       0.      0.  5554.    0.0      0.   3044.   2546.      2.      0.      0.
     95   790.    2163.   1891.     1.5   874.   0.0       0.      0.  5553.    0.0      0.   3077.   2574.      2.      0.      0.
     96   805.    2064.   1833.     1.5   888.   0.0       0.      0.  5553.    0.0      0.   3108.   2601.      2.      0.      0.
     97   820.    1969.   1780.     1.5   904.   0.0       0.      0.  5552.    0.0      0.   3137.   2628.      2.      0.      0.
     98   835.    1963.   1775.     1.4   904.   0.0       0.      0.  5552.    0.0      0.   3167.   2655.      2.      0.      0.
     99   850.    1947.   1759.     1.4   904.   0.0       0.      0.  5551.    0.0      0.   3196.   2681.      2.      0.      0.
    100   865.    1932.   1743.     1.4   902.   0.0       0.      0.  5550.    0.0      0.   3225.   2707.      2.      0.      0.
    101   880.    1807.   1659.     1.4   918.   0.0       0.      0.  5550.    0.0      0.   3252.   2732.      2.      0.      0.
    102   895.    1712.   1603.     1.4   937.   0.0       0.      0.  5549.    0.0      0.   3278.   2756.      2.      0.      0.
    103   910.    1614.   1547.     1.4   958.   0.0       0.      0.  5549.    0.0      0.   3302.   2779.      2.      0.      0.
    104   925.    1546.   1510.     1.4   977.   0.0       0.      0.  5548.    0.0      0.   3325.   2802.      2.      0.      0.
    105   940.    1493.   1481.     1.4   993.   0.0       0.      0.  5548.    0.0      0.   3347.   2824.      2.      0.      0.
    106   955.    1424.   1441.     1.4  1012.   0.0       0.      0.  5547.    0.0      0.   3369.   2846.      2.      0.      0.
    107   970.    1448.   1453.     1.4  1004.   0.0       0.      0.  5547.    0.0      0.   3391.   2868.      2.      0.      0.
    108   985.    1528.   1488.     1.4   974.   0.0       0.      0.  5547.    0.0      0.   3413.   2890.      2.      0.      0.
    109  1000.    1494.   1459.     1.3   977.   0.0       0.      0.  5546.    0.0      0.   3436.   2912.      2.      0.      0.
    110  1015.    1417.   1414.     1.3   998.   0.0       0.      0.  5546.    0.0      0.   3457.   2933.      2.      0.      0.
    111  1030.    1363.   1386.     1.3  1016.   0.0       0.      0.  5545.    0.0      0.   3478.   2954.      2.      0.      0.
    112  1045.    1322.   1364.     1.3  1032.   0.0       0.      0.  5545.    0.0      0.   3497.   2974.      2.      0.      0.
    113  1060.    1366.   1384.     1.3  1013.   0.0       0.      0.  5544.    0.0      0.   3518.   2995.      2.      0.      0.
    114  1075.    1311.   1348.     1.3  1029.   0.0       0.      0.  5544.    0.0      0.   3538.   3015.      2.      0.      0.
    115  1090.    1249.   1311.     1.3  1050.   0.0       0.      0.  5544.    0.0      0.   3556.   3035.      2.      0.      0.
    116  1095.    1211.   1294.     1.3  1068.   0.0       0.      0.  5544.    0.0      0.   3562.   3042.      2.      0.      0.
    117  1095.    1202.   1291.     1.3  1074.   0.0       0.      0.  5544.    0.0      0.   3562.   3042.      2.      0.      0.
    118  1095.    1202.   1291.     1.3  1074.   0.0       0.      0.  5544.    0.0      0.   3563.   3042.      2.      0.      0.
    119  1096.    1201.   1290.     1.3  1074.   0.0       0.      0.  5544.    0.0      0.   3563.   3042.      2.      0.      0.
    120  1096.    1201.   1290.     1.3  1074.   0.0       0.      0.  5544.    0.0      0.   3564.   3043.      2.      0.      0.
    121  1097.    1200.   1289.     1.3  1075.   0.0       0.      0.  5543.    0.0      0.   3565.   3044.      2.      0.      0.
    122  1098.    1198.   1288.     1.3  1075.   0.0       0.      0.  5543.    0.0      0.   3566.   3046.      2.      0.      0.
    123  1100.    1195.   1287.     1.3  1076.   0.0       0.      0.  5543.    0.0      0.   3568.   3048.      2.      0.      0.
    124  1102.    1192.   1285.     1.3  1078.   0.0       0.      0.  5543.    0.0      0.   3571.   3051.      2.      0.      0.
    125  1106.    1186.   1281.     1.3  1080.   0.0       0.      0.  5543.    0.0      0.   3576.   3056.      2.      0.      0.
    126  1112.    1178.   1277.     1.3  1084.   0.0       0.      0.  5543.    0.0      0.   3583.   3063.      2.      0.      0.
    127  1121.    1167.   1270.     1.3  1088.   0.0       0.      0.  5543.    0.0      0.   3593.   3074.      2.      0.      0.
    128  1134.    1151.   1260.     1.3  1095.   0.0       0.      0.  5543.    0.0      0.   3608.   3091.      2.      0.      0.
    129  1149.    1132.   1248.     1.3  1103.   0.0       0.      0.  5542.    0.0      0.   3625.   3109.      2.      0.      0.
    130  1164.    1113.   1236.     1.3  1111.   0.0       0.      0.  5542.    0.0      0.   3641.   3128.      2.      0.      0.
    131  1179.    1097.   1227.     1.3  1119.   0.0       0.      0.  5541.    0.0      0.   3658.   3146.      2.      0.      0.
    132  1194.    1083.   1218.     1.3  1125.   0.0       0.      0.  5541.    0.0      0.   3674.   3165.      2.      0.      0.
    133  1209.    1229.   1285.     1.2  1046.   0.0       0.      0.  5541.    0.0      0.   3692.   3184.      2.      0.      0.
    134  1224.    1161.   1237.     1.2  1065.   0.0       0.      0.  5540.    0.0      0.   3710.   3202.      2.      0.      0.
    135  1239.    1127.   1216.     1.2  1080.   0.0       0.      0.  5540.    0.0      0.   3727.   3221.      2.      0.      0.
    136  1254.    1101.   1201.     1.2  1091.   0.0       0.      0.  5540.    0.0      0.   3743.   3239.      2.      0.      0.
    137  1269.    1080.   1188.     1.2  1101.   0.0       0.      0.  5539.    0.0      0.   3759.   3257.      2.      0.      0.
    138  1284.    1035.   1158.     1.2  1119.   0.0       0.      0.  5539.    0.0      0.   3775.   3274.      2.      0.      0.
    139  1299.    1004.   1139.     1.2  1135.   0.0       0.      0.  5539.    0.0      0.   3790.   3291.      2.      0.      0.
    140  1314.     980.   1126.     1.2  1149.   0.0       0.      0.  5538.    0.0      0.   3805.   3308.      2.      0.      0.
    141  1329.     962.   1116.     1.2  1161.   0.0       0.      0.  5538.    0.0      0.   3819.   3325.      2.      0.      0.
    142  1344.    1023.   1143.     1.2  1117.   0.0       0.      0.  5538.    0.0      0.   3834.   3342.      2.      0.      0.
    143  1359.     981.   1114.     1.2  1135.   0.0       0.      0.  5538.    0.0      0.   3849.   3358.      3.      0.      0.
    144  1374.     960.   1102.     1.2  1148.   0.0       0.      0.  5537.    0.0      0.   3864.   3375.      3.      0.      0.
    145  1389.     943.   1093.     1.2  1158.   0.0       0.      0.  5537.    0.0      0.   3878.   3391.      3.      0.      0.
    146  1404.     930.   1084.     1.2  1166.   0.0       0.      0.  5537.    0.0      0.   3892.   3408.      3.      0.      0.
    147  1419.     919.   1077.     1.2  1172.   0.0       0.      0.  5536.    0.0      0.   3905.   3424.      3.      0.      0.
    148  1434.     991.   1109.     1.2  1119.   0.0       0.      0.  5536.    0.0      0.   3920.   3440.      3.      0.      0.
    149  1449.     982.   1102.     1.1  1122.   0.0       0.      0.  5536.    0.0      0.   3935.   3457.      3.      0.      0.
    150  1460.     948.   1078.     1.1  1138.   0.0       0.      0.  5536.    0.0      0.   3946.   3469.      3.      0.      0.
    151  1475.    1005.   1102.     1.1  1097.   0.0       0.      0.  5535.    0.0      0.   3961.   3486.      3.      0.      0.
    152  1490.     956.   1070.     1.1  1119.   0.0       0.      0.  5535.    0.0      0.   3975.   3502.      3.      0.      0.
    153  1505.     934.   1058.     1.1  1133.   0.0       0.      0.  5535.    0.0      0.   3989.   3518.      3.      0.      0.
    154  1520.     916.   1047.     1.1  1144.   0.0       0.      0.  5535.    0.0      0.   4003.   3533.      3.      0.      0.
    155  1535.     901.   1038.     1.1  1153.   0.0       0.      0.  5534.    0.0      0.   4016.   3549.      3.      0.      0.
    156  1550.     888.   1031.     1.1  1160.   0.0       0.      0.  5534.    0.0      0.   4030.   3564.      3.      0.      0.
    157  1565.     878.   1025.     1.1  1167.   0.0       0.      0.  5534.    0.0      0.   4043.   3580.      3.      0.      0.
    158  1580.     870.   1019.     1.1  1171.   0.0       0.      0.  5533.    0.0      0.   4056.   3595.      3.      0.      0.
    159  1595.     916.   1035.     1.1  1130.   0.0       0.      0.  5533.    0.0      0.   4070.   3611.      3.      0.      0.
    160  1610.     867.   1004.     1.1  1158.   0.0       0.      0.  5533.    0.0      0.   4083.   3626.      3.      0.      0.
    161  1625.     838.    989.     1.1  1180.   0.0       0.      0.  5533.    0.0      0.   4095.   3641.      3.      0.      0.
    162  1640.     816.    978.     1.1  1197.   0.0       0.      0.  5533.    0.0      0.   4108.   3655.      3.      0.      0.
    163  1655.     799.    968.     1.1  1211.   0.0       0.      0.  5532.    0.0      0.   4120.   3670.      3.      0.      0.
    164  1670.     785.    960.     1.1  1222.   0.0       0.      0.  5532.    0.0      0.   4131.   3684.      3.      0.      0.
    165  1685.     774.    953.     1.1  1231.   0.0       0.      0.  5532.    0.0      0.   4143.   3698.      3.      0.      0.
    166  1700.     765.    949.     1.1  1239.   0.0       0.      0.  5532.    0.0      0.   4154.   3713.      3.      0.      0.
    167  1715.     759.    945.     1.1  1245.   0.0       0.      0.  5531.    0.0      0.   4166.   3727.      3.      0.      0.
    168  1730.     832.    979.     1.1  1178.   0.0       0.      0.  5531.    0.0      0.   4178.   3742.      3.      0.      0.
    169  1745.     798.    955.     1.1  1197.   0.0       0.      0.  5531.    0.0      0.   4190.   3756.      3.      0.      0.
    170  1760.     782.    946.     1.1  1209.   0.0       0.      0.  5531.    0.0      0.   4202.   3770.      3.      0.      0.
    171  1775.     770.    939.     1.1  1219.   0.0       0.      0.  5530.    0.0      0.   4214.   3784.      3.      0.      0.
    172  1790.     760.    932.     1.1  1226.   0.0       0.      0.  5530.    0.0      0.   4225.   3798.      3.      0.      0.
    173  1805.     752.    927.     1.1  1232.   0.0       0.      0.  5530.    0.0      0.   4236.   3812.      3.      0.      0.
    174  1820.     745.    921.     1.0  1236.   0.0       0.      0.  5530.    0.0      0.   4247.   3826.      3.      0.      0.
    175  1825.     741.    919.     1.0  1241.   0.0       0.      0.  5530.    0.0      0.   4251.   3830.      3.      0.      0.
    176  1833.     739.    917.     1.0  1242.   0.0       0.      0.  5530.    0.0      0.   4257.   3837.      3.      0.      0.
    177  1844.     736.    915.     1.0  1244.   0.0       0.      0.  5530.    0.0      0.   4265.   3848.      3.      0.      0.
    178  1859.     809.    949.     1.0  1174.   0.0       0.      0.  5529.    0.0      0.   4277.   3862.      3.      0.      0.
    179  1874.     776.    925.     1.0  1193.   0.0       0.      0.  5529.    0.0      0.   4289.   3876.      3.      0.      0.
    180  1889.     761.    917.     1.0  1204.   0.0       0.      0.  5529.    0.0      0.   4300.   3889.      3.      0.      0.
    181  1904.     750.    910.     1.0  1213.   0.0       0.      0.  5529.    0.0      0.   4311.   3903.      3.      0.      0.
    182  1919.     741.    904.     1.0  1220.   0.0       0.      0.  5528.    0.0      0.   4322.   3917.      3.      0.      0.
    183  1934.     734.    899.     1.0  1226.   0.0       0.      0.  5528.    0.0      0.   4333.   3930.      3.      0.      0.
    184  1949.     727.    895.     1.0  1230.   0.0       0.      0.  5528.    0.0      0.   4344.   3944.      3.      0.      0.
    185  1964.     722.    891.     1.0  1234.   0.0       0.      0.  5528.    0.0      0.   4355.   3957.      3.      0.      0.
    186  1979.     717.    888.     1.0  1238.   0.0       0.      0.  5528.    0.0      0.   4366.   3970.      3.      0.      0.
    187  1994.     713.    885.     1.0  1240.   0.0       0.      0.  5528.    0.0      0.   4377.   3984.      3.      0.      0.
    188  2009.     710.    882.     1.0  1242.   0.0       0.      0.  5527.    0.0      0.   4387.   3997.      3.      0.      0.
    189  2024.     708.    879.     1.0  1243.   0.0       0.      0.  5527.    0.0      0.   4398.   4010.      3.      0.      0.
    190  2039.     705.    877.     1.0  1243.   0.0       0.      0.  5527.    0.0      0.   4408.   4023.      3.      0.      0.
    191  2054.     703.    874.     1.0  1243.   0.0       0.      0.  5527.    0.0      0.   4419.   4036.      3.      0.      0.
    192  2069.     701.    871.     1.0  1243.   0.0       0.      0.  5527.    0.0      0.   4430.   4049.      3.      0.      0.
    193  2084.     699.    869.     1.0  1242.   0.0       0.      0.  5526.    0.0      0.   4440.   4062.      3.      0.      0.
    194  2099.     697.    866.     1.0  1242.   0.0       0.      0.  5526.    0.0      0.   4451.   4075.      3.      0.      0.
    195  2114.     696.    864.     1.0  1241.   0.0       0.      0.  5526.    0.0      0.   4461.   4088.      3.      0.      0.
    196  2129.     694.    861.     1.0  1241.   0.0       0.      0.  5526.    0.0      0.   4471.   4101.      3.      0.      0.
    197  2144.     692.    858.     1.0  1240.   0.0       0.      0.  5526.    0.0      0.   4482.   4114.      3.      0.      0.
    198  2159.     690.    856.     1.0  1240.   0.0       0.      0.  5526.    0.0      0.   4492.   4127.      3.      0.      0.
    199  2174.     689.    853.     1.0  1239.   0.0       0.      0.  5525.    0.0      0.   4502.   4140.      3.      0.      0.
    200  2189.     687.    851.     1.0  1238.   0.0       0.      0.  5525.    0.0      0.   4513.   4152.      3.      0.      0.
    201  2190.     687.    850.     1.0  1238.   0.0       0.      0.  5525.    0.0      0.   4514.   4153.      3.      0.      0.
    202  2192.     687.    850.     1.0  1238.   0.0       0.      0.  5525.    0.0      0.   4515.   4155.      3.      0.      0.
    203  2195.     683.    847.     1.0  1241.   0.0       0.      0.  5525.    0.0      0.   4517.   4157.      3.      0.      0.
    204  2199.     678.    843.     1.0  1244.   0.0       0.      0.  5525.    0.0      0.   4520.   4161.      3.      0.      0.
    205  2205.     670.    837.     1.0  1249.   0.0       0.      0.  5525.    0.0      0.   4524.   4166.      3.      0.      0.
    206  2215.     659.    830.     1.0  1258.   0.0       0.      0.  5525.    0.0      0.   4530.   4174.      3.      0.      0.
    207  2229.     646.    821.     1.0  1270.   0.0       0.      0.  5525.    0.0      0.   4539.   4186.      3.      0.      0.
    208  2244.     634.    814.     1.0  1285.   0.0       0.      0.  5525.    0.0      0.   4549.   4198.      3.      0.      0.
    209  2259.     623.    808.     1.0  1297.   0.0       0.      0.  5525.    0.0      0.   4558.   4210.      3.      0.      0.
    210  2274.     615.    803.     1.0  1306.   0.0       0.      0.  5524.    0.0      0.   4567.   4222.      3.      0.      0.
    211  2289.     608.    799.     1.0  1314.   0.0       0.      0.  5524.    0.0      0.   4577.   4234.      3.      0.      0.
    212  2304.     603.    795.     1.0  1319.   0.0       0.      0.  5524.    0.0      0.   4586.   4246.      4.      0.      0.
    213  2319.     599.    793.     1.0  1325.   0.0       0.      0.  5524.    0.0      0.   4595.   4258.      4.      0.      0.
    214  2334.     595.    791.     1.0  1329.   0.0       0.      0.  5524.    0.0      0.   4603.   4270.      4.      0.      0.
    215  2349.     593.    789.     1.0  1331.   0.0       0.      0.  5524.    0.0      0.   4612.   4282.      4.      0.      0.
    216  2364.     590.    787.     1.0  1333.   0.0       0.      0.  5523.    0.0      0.   4621.   4294.      4.      0.      0.
    217  2379.     588.    785.     1.0  1334.   0.0       0.      0.  5523.    0.0      0.   4630.   4305.      4.      0.      0.
    218  2394.     587.    783.     0.9  1334.   0.0       0.      0.  5523.    0.0      0.   4639.   4317.      4.      0.      0.
    219  2409.     585.    781.     0.9  1334.   0.0       0.      0.  5523.    0.0      0.   4648.   4329.      4.      0.      0.
    220  2424.     584.    779.     0.9  1334.   0.0       0.      0.  5523.    0.0      0.   4656.   4340.      4.      0.      0.
    221  2439.     582.    776.     0.9  1334.   0.0       0.      0.  5523.    0.0      0.   4665.   4352.      4.      0.      0.
    222  2454.     666.    815.     0.9  1224.   0.0       0.      0.  5523.    0.0      0.   4675.   4364.      4.      0.      0.
    223  2469.     663.    812.     0.9  1224.   0.0       0.      0.  5522.    0.0      0.   4685.   4377.      4.      0.      0.
    224  2484.     661.    809.     0.9  1224.   0.0       0.      0.  5522.    0.0      0.   4695.   4389.      4.      0.      0.
    225  2499.     659.    806.     0.9  1224.   0.0       0.      0.  5522.    0.0      0.   4705.   4401.      4.      0.      0.
    226  2514.     630.    786.     0.9  1248.   0.0       0.      0.  5522.    0.0      0.   4714.   4413.      4.      0.      0.
    227  2529.     613.    776.     0.9  1265.   0.0       0.      0.  5522.    0.0      0.   4723.   4424.      4.      0.      0.
    228  2544.     601.    770.     0.9  1280.   0.0       0.      0.  5522.    0.0      0.   4732.   4436.      4.      0.      0.
    229  2555.     592.    765.     0.9  1291.   0.0       0.      0.  5522.    0.0      0.   4739.   4444.      4.      0.      0.
    230  2570.     587.    761.     0.9  1297.   0.0       0.      0.  5522.    0.0      0.   4748.   4456.      4.      0.      0.
    231  2585.     580.    757.     0.9  1304.   0.0       0.      0.  5521.    0.0      0.   4757.   4467.      4.      0.      0.
    232  2600.     575.    754.     0.9  1311.   0.0       0.      0.  5521.    0.0      0.   4765.   4478.      4.      0.      0.
    233  2615.     571.    752.     0.9  1316.   0.0       0.      0.  5521.    0.0      0.   4774.   4490.      4.      0.      0.
    234  2630.     568.    750.     0.9  1320.   0.0       0.      0.  5521.    0.0      0.   4782.   4501.      4.      0.      0.
    235  2645.     566.    748.     0.9  1322.   0.0       0.      0.  5521.    0.0      0.   4791.   4512.      4.      0.      0.
    236  2660.     564.    746.     0.9  1324.   0.0       0.      0.  5521.    0.0      0.   4799.   4523.      4.      0.      0.
    237  2675.     562.    744.     0.9  1324.   0.0       0.      0.  5521.    0.0      0.   4808.   4534.      4.      0.      0.
    238  2690.     644.    782.     0.9  1215.   0.0       0.      0.  5520.    0.0      0.   4817.   4546.      4.      0.      0.
    239  2705.     641.    779.     0.9  1215.   0.0       0.      0.  5520.    0.0      0.   4827.   4558.      4.      0.      0.
    240  2720.     612.    759.     0.9  1240.   0.0       0.      0.  5520.    0.0      0.   4836.   4569.      4.      0.      0.
    241  2735.     596.    749.     0.9  1257.   0.0       0.      0.  5520.    0.0      0.   4845.   4580.      4.      0.      0.
    242  2750.     584.    743.     0.9  1272.   0.0       0.      0.  5520.    0.0      0.   4854.   4592.      4.      0.      0.
    243  2765.     575.    738.     0.9  1284.   0.0       0.      0.  5520.    0.0      0.   4862.   4603.      4.      0.      0.
    244  2780.     567.    734.     0.9  1293.   0.0       0.      0.  5520.    0.0      0.   4871.   4614.      4.      0.      0.
    245  2795.     562.    730.     0.9  1300.   0.0       0.      0.  5520.    0.0      0.   4879.   4625.      4.      0.      0.
    246  2810.     557.    727.     0.9  1306.   0.0       0.      0.  5519.    0.0      0.   4888.   4635.      4.      0.      0.
    247  2825.     553.    726.     0.9  1311.   0.0       0.      0.  5519.    0.0      0.   4896.   4646.      4.      0.      0.
    248  2840.     551.    724.     0.9  1315.   0.0       0.      0.  5519.    0.0      0.   4904.   4657.      4.      0.      0.
    249  2855.     548.    722.     0.9  1317.   0.0       0.      0.  5519.    0.0      0.   4912.   4668.      4.      0.      0.
    250  2870.     546.    720.     0.9  1318.   0.0       0.      0.  5519.    0.0      0.   4921.   4679.      4.      0.      0.
    251  2885.     627.    757.     0.9  1209.   0.0       0.      0.  5519.    0.0      0.   4930.   4690.      4.      0.      0.
    252  2900.     596.    736.     0.9  1235.   0.0       0.      0.  5519.    0.0      0.   4939.   4701.      4.      0.      0.
    253  2915.     580.    727.     0.9  1253.   0.0       0.      0.  5519.    0.0      0.   4948.   4712.      4.      0.      0.
    254  2920.     570.    722.     0.9  1267.   0.0       0.      0.  5519.    0.0      0.   4951.   4716.      4.      0.      0.
    255  2928.     567.    720.     0.9  1271.   0.0       0.      0.  5519.    0.0      0.   4955.   4721.      4.      0.      0.
    256  2939.     562.    718.     0.9  1277.   0.0       0.      0.  5518.    0.0      0.   4961.   4729.      4.      0.      0.
    257  2954.     556.    714.     0.9  1284.   0.0       0.      0.  5518.    0.0      0.   4969.   4740.      4.      0.      0.
    258  2969.     550.    710.     0.9  1292.   0.0       0.      0.  5518.    0.0      0.   4978.   4751.      4.      0.      0.
    259  2984.     545.    707.     0.9  1298.   0.0       0.      0.  5518.    0.0      0.   4986.   4761.      4.      0.      0.
    260  2999.     541.    705.     0.9  1304.   0.0       0.      0.  5518.    0.0      0.   4994.   4772.      4.      0.      0.
    261  3014.     537.    703.     0.9  1309.   0.0       0.      0.  5518.    0.0      0.   5002.   4782.      4.      0.      0.
    262  3029.     535.    702.     0.9  1312.   0.0       0.      0.  5518.    0.0      0.   5010.   4793.      4.      0.      0.
    263  3044.     613.    738.     0.9  1204.   0.0       0.      0.  5518.    0.0      0.   5019.   4804.      4.      0.      0.
    264  3059.     582.    716.     0.9  1231.   0.0       0.      0.  5518.    0.0      0.   5028.   4815.      4.      0.      0.
    265  3074.     567.    708.     0.9  1249.   0.0       0.      0.  5517.    0.0      0.   5037.   4825.      4.      0.      0.
    266  3089.     556.    703.     0.9  1263.   0.0       0.      0.  5517.    0.0      0.   5045.   4836.      4.      0.      0.
    267  3104.     548.    698.     0.9  1274.   0.0       0.      0.  5517.    0.0      0.   5053.   4846.      4.      0.      0.
    268  3119.     541.    694.     0.9  1283.   0.0       0.      0.  5517.    0.0      0.   5061.   4857.      4.      0.      0.
    269  3134.     535.    691.     0.9  1290.   0.0       0.      0.  5517.    0.0      0.   5069.   4867.      4.      0.      0.
    270  3149.     531.    688.     0.9  1296.   0.0       0.      0.  5517.    0.0      0.   5077.   4877.      4.      0.      0.
    271  3164.     527.    686.     0.9  1302.   0.0       0.      0.  5517.    0.0      0.   5085.   4888.      4.      0.      0.
    272  3179.     524.    684.     0.9  1306.   0.0       0.      0.  5517.    0.0      0.   5093.   4898.      4.      0.      0.
    273  3194.     521.    682.     0.8  1309.   0.0       0.      0.  5517.    0.0      0.   5101.   4908.      4.      0.      0.
    274  3209.     599.    718.     0.8  1199.   0.0       0.      0.  5516.    0.0      0.   5110.   4919.      4.      0.      0.
    275  3224.     566.    696.     0.8  1228.   0.0       0.      0.  5516.    0.0      0.   5118.   4929.      4.      0.      0.
    276  3239.     553.    688.     0.8  1245.   0.0       0.      0.  5516.    0.0      0.   5127.   4940.      4.      0.      0.
    277  3254.     542.    683.     0.8  1259.   0.0       0.      0.  5516.    0.0      0.   5135.   4950.      4.      0.      0.
    278  3269.     534.    678.     0.8  1270.   0.0       0.      0.  5516.    0.0      0.   5143.   4960.      4.      0.      0.
    279  3284.     527.    674.     0.8  1279.   0.0       0.      0.  5516.    0.0      0.   5151.   4970.      4.      0.      0.
    280  3285.     522.    672.     0.8  1287.   0.0       0.      0.  5516.    0.0      0.   5151.   4971.      4.      0.      0.
    281  3287.     522.    672.     0.8  1287.   0.0       0.      0.  5516.    0.0      0.   5152.   4972.      4.      0.      0.
    282  3290.     521.    671.     0.8  1288.   0.0       0.      0.  5516.    0.0      0.   5154.   4974.      4.      0.      0.
    283  3294.     521.    671.     0.8  1289.   0.0       0.      0.  5516.    0.0      0.   5156.   4977.      4.      0.      0.
    284  3300.     519.    670.     0.8  1290.   0.0       0.      0.  5516.    0.0      0.   5159.   4981.      4.      0.      0.
    285  3310.     517.    669.     0.8  1293.   0.0       0.      0.  5516.    0.0      0.   5164.   4988.      4.      0.      0.
    286  3324.     515.    667.     0.8  1297.   0.0       0.      0.  5516.    0.0      0.   5171.   4997.      4.      0.      0.
    287  3339.     511.    665.     0.8  1301.   0.0       0.      0.  5516.    0.0      0.   5179.   5007.      4.      0.      0.
    288  3354.     508.    664.     0.8  1305.   0.0       0.      0.  5515.    0.0      0.   5187.   5017.      4.      0.      0.
    289  3369.     506.    662.     0.8  1307.   0.0       0.      0.  5515.    0.0      0.   5194.   5027.      4.      0.      0.
    290  3384.     504.    660.     0.8  1309.   0.0       0.      0.  5515.    0.0      0.   5202.   5037.      4.      0.      0.
    291  3399.     502.    658.     0.8  1310.   0.0       0.      0.  5515.    0.0      0.   5209.   5047.      4.      0.      0.
    292  3414.     501.    657.     0.8  1311.   0.0       0.      0.  5515.    0.0      0.   5217.   5057.      4.      0.      0.
    293  3429.     499.    655.     0.8  1312.   0.0       0.      0.  5515.    0.0      0.   5224.   5066.      5.      0.      0.
    294  3444.     498.    653.     0.8  1312.   0.0       0.      0.  5515.    0.0      0.   5232.   5076.      5.      0.      0.
    295  3459.     496.    651.     0.8  1312.   0.0       0.      0.  5515.    0.0      0.   5239.   5086.      5.      0.      0.
    296  3474.     495.    650.     0.8  1312.   0.0       0.      0.  5515.    0.0      0.   5247.   5096.      5.      0.      0.
    297  3489.     494.    648.     0.8  1312.   0.0       0.      0.  5515.    0.0      0.   5254.   5105.      5.      0.      0.
    298  3504.     492.    646.     0.8  1312.   0.0       0.      0.  5514.    0.0      0.   5262.   5115.      5.      0.      0.
    299  3519.     491.    644.     0.8  1312.   0.0       0.      0.  5514.    0.0      0.   5269.   5125.      5.      0.      0.
    300  3534.     490.    643.     0.8  1312.   0.0       0.      0.  5514.    0.0      0.   5276.   5134.      5.      0.      0.
    301  3549.     488.    641.     0.8  1312.   0.0       0.      0.  5514.    0.0      0.   5284.   5144.      5.      0.      0.
    302  3564.     487.    639.     0.8  1312.   0.0       0.      0.  5514.    0.0      0.   5291.   5154.      5.      0.      0.
    303  3579.     486.    637.     0.8  1312.   0.0       0.      0.  5514.    0.0      0.   5298.   5163.      5.      0.      0.
    304  3594.     485.    636.     0.8  1312.   0.0       0.      0.  5514.    0.0      0.   5305.   5173.      5.      0.      0.
    305  3609.     483.    634.     0.8  1312.   0.0       0.      0.  5514.    0.0      0.   5313.   5182.      5.      0.      0.
    306  3624.     482.    632.     0.8  1312.   0.0       0.      0.  5514.    0.0      0.   5320.   5192.      5.      0.      0.
    307  3639.     481.    631.     0.8  1312.   0.0       0.      0.  5514.    0.0      0.   5327.   5201.      5.      0.      0.
    308  3650.     480.    629.     0.8  1312.   0.0       0.      0.  5514.    0.0      0.   5332.   5208.      5.      0.      0.
